seq_val/IMG_9804_0.jpg -3.66592251994 1.02639878824 2.82205127708 0.949369820332 0.0210068530886 -0.313457549781 -0.000144397914525
seq_val/IMG_9862_0.jpg 4.38230986374 0.392425569864 3.84121422039 0.452808276381 -0.0231972306729 -0.89107694329 -0.0202097616994
seq_val/IMG_9827_0.jpg 3.0828962791 0.60075780485 0.33826264933 0.999538954796 -0.0140699460639 -0.0253371083637 0.00905236999898
seq_val/IMG_9634_0.jpg -1.91519146717 -1.55575775226 4.23703409571 0.603672325209 0.0510572790965 0.794517456643 0.0414112197018
seq_val/IMG_9814_0.jpg 1.81018634316 0.586061998868 3.23340083713 0.839918794843 -0.00483072971626 0.541428020542 0.0369970362544
seq_val/IMG_9775_0.jpg -2.14340287057 0.879711340404 2.21354610062 0.397283973506 0.0668856937512 0.914026614717 0.0474035437077
seq_val/IMG_9685_0.jpg 4.16636056918 -1.93567930711 3.98734207315 0.709268446003 -0.040054683821 -0.70375929149 0.00753348859393
seq_val/IMG_8286_0.jpg -3.60394879129 0.965084079734 2.8927888109 0.917751971686 -0.0144595424988 -0.396427830137 -0.0191628700806
seq_val/IMG_9649_0.jpg -3.89830997701 -1.23502479787 1.61499463854 0.954345139083 -0.0244685297591 -0.297169586484 0.0178012198489
seq_val/IMG_9841_0.jpg 4.14947011962 0.568610583713 0.466170664136 0.94552032317 -0.0183018155769 -0.325000951974 0.00554465822187
seq_val/IMG_9700_0.jpg 4.34257757811 -1.7706054152 1.37869346324 0.302865521552 -0.0451585902125 -0.951477254002 -0.0304008667905
seq_val/IMG_9789_0.jpg -2.16474010095 0.797089892177 4.56998964968 0.486982489392 0.0671011422662 0.869438235974 0.0492203774757
seq_val/IMG_9938_0.jpg -1.37995888431 0.975289808322 -0.736188374151 0.586871901926 -0.0466550983558 -0.808224352301 -0.013344245016
seq_val/IMG_9920_0.jpg -3.19510113503 1.02774944724 0.781364712221 0.550452738397 -0.029153406225 -0.83268768784 -0.052754869113
seq_val/IMG_9657_0.jpg -0.418141688878 -1.47691264929 1.31510740249 0.97245769735 -0.0497125000527 -0.227248784137 0.0145837001971
seq_val/IMG_8197_0.jpg -1.47214775975 0.802394559695 2.33159090011 0.756954075048 0.0160865311381 0.65273391732 0.0264610083732
seq_val/IMG_9952_0.jpg 0.0195657940994 0.914865269013 -0.979648743959 0.840985205688 0.0213800510943 0.539675244068 0.0322088212933
seq_val/IMG_9942_0.jpg -1.47734697763 1.00647064713 -0.782510331399 0.105108694503 -0.052626345674 -0.992305059036 -0.0389011554015
seq_val/IMG_9770_0.jpg -2.41433077482 0.977855177004 0.826177627001 0.414754153793 0.0545290842024 0.906059490732 0.0637320181939
seq_val/IMG_9845_0.jpg 5.61558004078 0.52767886119 2.1533531535 0.950510608323 -0.019651639349 -0.31005924316 0.00258113698621
seq_val/IMG_9623_0.jpg -2.16499368785 -1.41412889082 2.14551367591 0.504641217606 0.03976413419 0.860519524278 0.0571157024116
seq_val/IMG_9877_0.jpg 6.72299610876 0.487007308847 3.55757136775 0.453344970672 -0.0196725179302 -0.890584299063 -0.0308372480382
seq_val/IMG_9906_0.jpg 4.29776706786 0.83121297481 -3.31685672532 0.973479094482 0.0995756226112 0.20320122574 0.033651297833
seq_val/IMG_9686_0.jpg 4.12549863537 -1.85691751318 2.58724407482 0.762997203121 -0.0480516941409 -0.644596873832 -0.00460140919175
seq_val/IMG_9693_0.jpg 6.15478104879 -1.8865239176 1.29579126412 0.206876892049 -0.0401438140522 -0.976687690514 -0.0408849719061
seq_val/IMG_9679_0.jpg 2.75122163801 -1.68768454591 1.78011207721 0.883392813423 -0.0509161466564 -0.465599470519 0.0155504422522
seq_val/IMG_9820_0.jpg 1.84133657181 0.676596600285 0.662007321287 0.99519442653 -0.00209331681811 0.097752223094 0.00530794768106
seq_val/IMG_9633_0.jpg -1.46455478411 -1.52718165336 3.04996494413 0.764949444469 0.0221429195933 0.64151804155 0.0530720348663
seq_val/IMG_9747_0.jpg 1.36763993282 -1.6444881714 2.37972166782 0.276207649398 0.0171280851576 0.959240428121 0.0572168172024
seq_val/IMG_8193_0.jpg -2.48266569214 1.00542559707 0.534804079153 0.943628324489 0.0113766974379 0.327384778209 0.0474906619837
seq_val/IMG_9743_0.jpg -2.51980951578 -1.41079295692 2.41339157855 0.286050835238 -0.055966533036 -0.956430925687 -0.0168092602116
seq_val/IMG_9777_0.jpg -3.49461073508 0.949719903937 2.86494113981 0.228544342999 0.0484410195884 0.970043194542 0.0666119480732
seq_val/IMG_8290_0.jpg -2.35692398693 0.907850677115 1.2950882776 0.977077472183 -0.0297653079281 -0.210024345221 0.0179837206889
seq_val/IMG_9650_0.jpg -2.83976809657 -1.30330573666 1.31913661062 0.971062836793 -0.0149662052819 -0.236494265578 0.0297227530265
seq_val/IMG_9676_0.jpg 6.07019229827 -1.86651333663 0.53729828235 0.991006739201 -0.0156250367403 0.129326958531 0.0305947525157
seq_val/IMG_9745_0.jpg -0.994864001695 -1.47519461972 2.43602782824 0.117646837574 -0.0432268686208 -0.990890180439 -0.0492677353681
seq_val/IMG_8206_0.jpg -3.57366066563 0.980119520357 2.34811424391 0.998634173965 0.029696425691 0.0424918782553 0.00650762413719
seq_val/IMG_9636_0.jpg -2.43310391289 -1.47191294886 4.77005689516 0.536158917889 0.0774551052032 0.839667611808 0.0386344810647
seq_val/IMG_9722_0.jpg 1.09979110886 -1.63406674978 2.46224446441 0.200058831184 0.029113828391 0.9786854568 0.0361057573018
seq_val/IMG_9884_0.jpg 5.6109525072 0.597948479677 -1.63848705313 0.406776612464 0.0241958653159 0.911757541729 0.0514347426817
seq_val/IMG_9899_0.jpg 2.39697736234 0.851829672806 -0.00963098001104 0.389503604733 -0.0312780344095 -0.917139337872 -0.0785115366804
seq_val/IMG_9885_0.jpg 4.82640819456 0.577225987687 -0.662245350518 0.324400698512 0.0155266590888 0.945641604274 0.0168838955621
seq_val/IMG_8191_0.jpg -3.47402508873 1.09448198192 0.0223381735087 0.976044700632 0.00840693914353 0.215956480909 0.0250771628326
seq_val/IMG_9951_0.jpg -0.104330411968 0.946115476766 -1.44791204256 0.879058843463 0.014759761022 0.475913872024 0.0233170666881
seq_val/IMG_9850_0.jpg 4.6505001767 0.462958637403 1.97495496112 0.655459244954 -0.0531682185702 -0.753282031686 -0.0106065771098
seq_val/IMG_8272_0.jpg -3.63934762833 0.969651073425 2.59682155193 0.968857227192 -0.0143751966661 -0.246608287842 0.017128321775
seq_val/IMG_9925_0.jpg -0.488683292049 0.81760184178 2.25536197212 0.0155011723158 -0.0427776593914 -0.998311457864 -0.0361111978669
seq_val/IMG_9802_0.jpg -1.22717727713 0.825725787699 2.35374999867 0.92359357608 0.0129986096581 0.382053729383 0.0289981074398
seq_val/IMG_8294_0.jpg 0.147512409724 0.809083667222 0.962438217199 0.971197366418 -0.00888195103477 0.237468756462 0.0174750139462
seq_val/IMG_9936_0.jpg -0.844864148849 1.02529365263 -1.88317766602 0.834233088596 0.000271638590577 -0.551104142239 -0.0184202201686
seq_val/IMG_9810_0.jpg 0.584601690388 0.755344241231 1.3478812431 0.958428663229 0.00157963972773 0.284100958996 0.0264319378188
seq_val/IMG_9918_0.jpg -1.91763251255 0.915420085486 1.39031750903 0.272168671412 -0.054964539219 -0.958172271652 -0.0693470372006
seq_val/IMG_9797_0.jpg -1.49467324549 0.863976588037 2.12645784473 0.936295986494 0.0352437572721 0.344295585303 0.0597348574036
seq_val/IMG_9618_0.jpg -2.79757425048 -1.25729067441 0.455843049759 0.422627038901 0.0416195120747 0.90423192321 0.0449314060779
seq_val/IMG_9957_0.jpg -0.907326255318 0.853194859947 1.24251311561 0.13808001861 0.0285898451879 0.988787568976 0.0491494928873
seq_val/IMG_9944_0.jpg -1.1047352337 1.03056984534 -0.886659507769 0.0337219001382 0.0479815045751 0.980149052894 0.189389658592
seq_val/IMG_9627_0.jpg -1.22917397113 -1.38784247085 0.563256330819 0.863648526745 0.0052946934323 0.500324656351 0.0613060088415
seq_val/IMG_8208_0.jpg -2.88814785495 0.931208984479 2.45273936701 0.994874572885 0.0394016285914 0.0926757582325 0.00912686837942
seq_val/IMG_9684_0.jpg 6.22746970425 -1.81631148945 -0.572865483077 0.997676048578 -0.00726549432702 -0.0667164456101 0.0117741484499
seq_val/IMG_9828_0.jpg 4.83461302904 0.474550138126 0.673331740909 0.974613246298 -0.0113296055874 0.222203823492 0.0250224100404
seq_val/IMG_9785_0.jpg -2.22076996687 1.02523997621 -0.219995590368 0.93475949581 -0.0031272877149 0.352504105156 0.044223985725
seq_val/IMG_9678_0.jpg 6.72584031343 -1.96609643399 2.32728704009 0.94620305259 0.0603183903557 0.312999842388 0.0556109136788
seq_val/IMG_9666_0.jpg 3.04777630213 -1.63432560401 -0.148721762645 0.999375936004 -0.0196099065072 -0.00847633766203 0.0281307981214
seq_val/IMG_9663_0.jpg -0.782386127425 -1.47696905308 2.01778670718 0.884109500031 -0.0243237064178 -0.466318624715 -0.0174839785008
seq_val/IMG_8279_0.jpg -1.17078173216 0.824674975368 2.3392665309 0.94260602734 0.025293141391 0.331434715063 0.0317043194423
seq_val/IMG_9891_0.jpg 3.12726586362 0.733642172835 -1.39289020275 0.235796057835 -0.0428690609309 -0.969987201287 -0.0410766608237
seq_val/IMG_9711_0.jpg 0.272969927433 -1.46837878947 0.894075291709 0.454145681819 -0.0516402540755 -0.888715957171 -0.0356220621772
seq_val/IMG_9710_0.jpg 0.974497579039 -1.552063124 1.60668600606 0.260840353836 -0.0608854134147 -0.963130696592 -0.0251900283243
seq_val/IMG_9752_0.jpg -0.747557241971 -1.32772222447 -0.473012787845 0.551438278868 -0.0505054221163 -0.832325787291 -0.0244706098413
seq_val/IMG_9717_0.jpg -1.46978668497 -1.43435346319 1.88945267728 0.261272808983 -0.0703064735741 -0.962262875354 -0.0290461318497
seq_val/IMG_9756_0.jpg -0.708402585985 -1.38806904031 0.459102627946 0.447256420907 -0.0320041446314 -0.893539253081 -0.0229135742972
seq_val/IMG_9661_0.jpg 4.26812710216 -1.86359406812 2.54788209474 0.878327560067 0.000649773822906 0.477401561558 0.0250604078692
seq_val/IMG_8300_0.jpg 1.15821471563 0.624448879557 3.24975732108 0.84457152572 0.0148421251297 0.534354753363 0.0307188349675
seq_val/IMG_9855_0.jpg 3.05066306081 0.793980114881 -2.5417651575 0.843836366208 -0.0442627400585 -0.534771572152 0.000602100466462
seq_val/IMG_8194_0.jpg -2.15635844836 0.949115291518 0.961639716211 0.905629317554 0.00970393385832 0.420135282993 0.0568129988537
seq_val/IMG_9887_0.jpg 3.30523347591 0.631426509559 0.151043591316 0.178053273531 0.0240791685262 0.982591778034 0.0472294735004
seq_val/IMG_9946_0.jpg -0.435699920992 0.892000302263 0.456241609148 0.0164295103416 0.0372871990483 0.996189370722 0.077113381708
seq_val/IMG_9746_0.jpg 0.363335081766 -1.59654161777 2.66639345122 0.0441637364382 0.0325489557776 0.998003267481 0.0312986893971
seq_val/IMG_9644_0.jpg -2.00561237252 -1.38956070573 2.00763166604 0.990270243696 0.0133003146949 0.137097789718 0.0198025789389
seq_val/IMG_9629_0.jpg -2.24369647381 -1.51907809837 4.1038686144 0.417537308704 0.0586960912919 0.905084001894 0.0551390444507
seq_val/IMG_9894_0.jpg 4.20683251281 0.750552641363 -2.02637464801 0.243806560662 -0.0459320395533 -0.967036138622 -0.0573560399559
seq_val/IMG_9665_0.jpg 1.61352929193 -1.5545815375 0.103735283858 0.981194773575 -0.0319412803228 -0.188398969218 0.0272470056824
seq_val/IMG_9822_0.jpg 4.3825281077 0.483401046441 1.21262363957 0.956477441346 0.00152743296373 0.29071811704 0.0251306102193
seq_val/IMG_9866_0.jpg 5.38172754549 0.613082219211 0.828478205156 0.336961568626 -0.0106846064412 -0.940304016457 -0.046595032882
seq_val/IMG_9800_0.jpg -2.58048596603 0.914760540249 2.31346024383 0.987293406359 0.0133104592846 0.1565113574 0.0240573572465
seq_val/IMG_9701_0.jpg 3.77147237743 -1.7084223016 1.00034337665 0.35730320461 -0.04584399906 -0.93239051485 -0.0296761780564
seq_val/IMG_8280_0.jpg -0.803465218505 0.789828051064 2.62705198655 0.938337007089 0.0338861689158 0.342195759844 0.0357414413323
seq_val/IMG_9753_0.jpg -0.71186877962 -1.31686394543 -0.724278203963 0.59603248129 -0.0429568784009 -0.801526678883 -0.0213300465143
seq_val/IMG_9849_0.jpg 4.65341065399 0.457216134112 2.0224131957 0.748589661694 -0.0492119701314 -0.661174895275 -0.00628158089423
seq_val/IMG_9699_0.jpg 4.93970894101 -1.82409641989 1.63133054569 0.267262200121 -0.0472861519599 -0.961768882815 -0.0365452085613
seq_val/IMG_9886_0.jpg 4.14341237677 0.604447408147 -0.169516362397 0.238413846003 0.0278527338235 0.970260711741 0.0312604303232
seq_val/IMG_9863_0.jpg 4.33156062845 0.401365333602 3.79119635133 0.354077835334 -0.0364519771323 -0.934026555715 -0.0299087463284
seq_val/IMG_8207_0.jpg -3.25878543266 0.953634094568 2.44254969353 0.999342379168 0.0222222085884 0.0272737638877 0.00878205254451
seq_val/IMG_9624_0.jpg -3.06293720193 -1.38896811374 2.99221987009 0.305328739315 0.029437442694 0.949818374432 0.0612605379355
seq_val/IMG_8283_0.jpg -0.408605258784 0.674363674305 3.9699413847 0.78211467907 0.035535591848 0.619986837358 0.0514798212668
seq_val/IMG_9910_0.jpg 4.0928790344 0.55742779301 0.752047394382 0.494688392969 0.0367341840318 0.866048803842 0.0623976197376
seq_val/IMG_9662_0.jpg 4.50704452719 -1.95132794895 3.69198454766 0.797324057807 0.00169801569027 0.602763683536 0.0307799511832
seq_val/IMG_9673_0.jpg 2.35765309916 -1.67913575153 1.43784015661 0.914486782576 -0.0454602787309 -0.401919403212 0.0103961951748
seq_val/IMG_9674_0.jpg 3.71368503725 -1.72508945 0.734590410564 0.980537658702 -0.0163670107024 -0.195136817108 0.0141295235506
seq_val/IMG_8200_0.jpg -2.09700292831 0.849682314113 2.86314934479 0.765630214538 0.0568365151337 0.638285650963 0.0563152990575
seq_val/IMG_9733_0.jpg -1.49179798798 -1.19840737139 -1.14511274514 0.34750166559 -0.0438756836629 -0.924487837048 -0.150465131994
seq_val/IMG_9903_0.jpg 5.41265145854 0.688019238248 -0.774528618369 0.534952069862 0.0398926114292 0.841615956968 0.0625894837888
seq_val/IMG_9901_0.jpg 4.00595349733 0.70269769975 0.492648168795 0.000616665212414 0.0298531002111 0.996718414116 0.0752383889906
seq_val/IMG_9740_0.jpg -0.448764256783 -1.3273246356 0.0521048349457 0.0182283908393 -0.0557011640079 -0.989907610818 -0.129027237975
seq_val/IMG_9738_0.jpg -1.55045008086 -1.22136071046 -1.16999557308 0.0862438155126 -0.0566675509462 -0.993178525769 -0.0542882022765
seq_val/IMG_9621_0.jpg -2.39194308953 -1.22658898155 -0.879682184069 0.843882891924 -0.00507585145185 0.533152932428 0.0598652745219
seq_val/IMG_9889_0.jpg 1.59555534917 0.730009293659 0.123255895621 0.115004994765 -0.0425063757967 -0.991993337006 -0.0302700930283
seq_val/IMG_9911_0.jpg 3.4163056516 0.580763991072 1.33392529414 0.37085102841 0.0464391859975 0.925136378247 0.0666002880982
seq_val/IMG_9705_0.jpg 6.78610892883 -1.64345449417 0.458036714799 0.266625983197 0.0113815786931 0.963275164639 0.0296985174792
seq_val/IMG_9793_0.jpg -1.69680885061 0.910474650084 1.67166721641 0.984740190549 0.00258989458428 0.17176362238 0.0278802365722
seq_val/IMG_9677_0.jpg 6.60879418193 -1.73785994454 1.27477168615 0.954135134908 0.00474898502327 0.284731997929 0.0923649329106
seq_val/IMG_9860_0.jpg 3.98442227362 0.455902142831 2.90315565556 0.469517497371 -0.0444210110135 -0.881798187401 -0.00347133106679
seq_val/IMG_9844_0.jpg 6.43043745671 0.585574904252 -0.399988138845 0.988858932982 -0.0016507375238 -0.13696788915 0.0582673413525
seq_val/IMG_9791_0.jpg -1.74281418154 0.91094192435 1.64913365234 0.939909070506 0.0101653774517 0.33814825459 0.0460799544334
seq_val/IMG_9916_0.jpg -0.775252901683 0.798348170391 1.94535623816 0.196405366998 -0.0510141052775 -0.977710366072 -0.0538974299227
seq_val/IMG_8298_0.jpg 0.900699212658 0.694271600251 2.37090652038 0.899686508491 0.0294288103097 0.434077005093 0.0357111357026
seq_val/IMG_9947_0.jpg -0.410845360394 0.86939901207 0.947479777563 0.0139090000418 0.0478397174569 0.996757772118 0.063181048372
seq_val/IMG_9846_0.jpg 5.64209269656 0.535899550583 2.1298962188 0.894261726814 -0.0305392221611 -0.44649875724 0.00147636303135
seq_val/IMG_9761_0.jpg -0.568399539661 -1.22315548519 -1.98478359867 0.90353150829 -0.0392304838337 -0.426189282604 -0.0213184910106
seq_val/IMG_9765_0.jpg -0.584597947207 -1.34003073986 -0.325114704919 0.00502914456622 0.0384163866558 0.996543329875 0.0734866016761
seq_val/IMG_9771_0.jpg -2.80286555498 0.976484036778 1.57743747365 0.325049863838 0.0407964729579 0.943254130072 0.0543127969719
seq_val/IMG_9875_0.jpg 6.27870254743 0.624281956987 0.767836712834 0.912149058956 -0.0136103205091 -0.409132658017 -0.0202316970376
seq_val/IMG_9715_0.jpg 1.52986564727 -1.69690648728 3.01141913918 0.0304943537615 -0.0494995813779 -0.997566876289 -0.0384735384814
seq_val/IMG_9702_0.jpg 3.34021634561 -1.64551871007 0.503197808578 0.47023096296 -0.0436916894953 -0.880928778792 -0.030632734748
seq_val/IMG_9930_0.jpg -0.366292241113 0.858460069364 1.26263005868 0.228513935431 -0.0492011540441 -0.971145143737 -0.0473047307389
seq_val/IMG_9739_0.jpg -0.438048462262 -1.30035704032 -0.328052324319 0.0112752238722 -0.0661253536602 -0.985861002597 -0.153552565883
seq_val/IMG_9898_0.jpg 4.19409151706 0.619627967862 -0.129593056872 0.341557187643 0.0686911522149 0.935072435482 0.0652667877153
seq_val/IMG_9772_0.jpg -2.58925829364 1.19366572413 -2.53018487408 0.927053581364 0.030058466868 0.370963528815 0.0453233509182
seq_val/IMG_9838_0.jpg 7.55154143909 0.419682277841 1.54726575863 0.962922567031 -0.00175781430061 0.269688600863 0.00671554591165
seq_val/IMG_9792_0.jpg -1.71999306475 0.911233104666 1.65710420832 0.964921781859 0.00322501321798 0.260266901806 0.0343029737385
seq_val/IMG_9933_0.jpg -0.767390800963 0.965112576743 -0.376456461559 0.609443200452 -0.0388737260175 -0.790350689533 -0.0491284683505
seq_val/IMG_9675_0.jpg 4.94806506568 -1.78824365557 0.240716456289 0.999209535281 -0.0274008295024 -0.011671141765 0.0263302790632
seq_val/IMG_9687_0.jpg 4.1840037778 -1.78870992748 1.09278813823 0.842728332515 -0.0350537425789 -0.537190507733 -0.00255951341745
seq_val/IMG_9858_0.jpg 2.75020038852 0.635508139187 0.845049454056 0.648547786183 -0.0604974638975 -0.75875773489 0.00353915864656
seq_val/IMG_9879_0.jpg 4.00449201472 0.607644667933 -0.289552967976 0.380312561261 -0.0350019731883 -0.923974944362 -0.0201871199504
seq_val/IMG_9714_0.jpg 3.24572406561 -1.67221789395 2.35957770794 0.198910714788 0.0222205344225 0.979219441714 0.0327117771026
seq_val/IMG_9730_0.jpg -1.04097036066 -1.24682733641 -1.32059494958 0.69097126688 -0.0600591787693 -0.719808363459 -0.0287667044896
seq_val/IMG_9626_0.jpg -2.4943886249 -1.22007236782 -0.51954086303 0.944220539986 -0.00257715181192 0.325301667695 0.051183543761
seq_val/IMG_8285_0.jpg -0.467995178088 0.656260793785 4.41550811372 0.630004112116 0.0470855923989 0.773790501764 0.0461088395629
seq_val/IMG_9689_0.jpg 4.50063980491 -1.67781117302 -0.756482275074 0.900390102939 -0.0270820574137 -0.433915112526 -0.016789872489
seq_val/IMG_8199_0.jpg -2.12264071347 0.870292420125 2.35182495103 0.776621304005 0.0277201441185 0.6273413595 0.0503364920925
seq_val/IMG_9790_0.jpg 0.000179986412883 0.712633517155 2.01146063676 0.771520974834 0.00572026912293 0.633394646784 0.059446491387
seq_val/IMG_8287_0.jpg -3.3764149189 0.96015799604 2.53257640776 0.89596966518 -0.0370139068396 -0.440956586823 -0.0377573610695
seq_val/IMG_9874_0.jpg 5.19604574785 0.410205492155 3.83499239819 0.559916169594 -0.0133618110094 -0.827502669694 -0.0394293885668
seq_val/IMG_9723_0.jpg -1.52763083438 -1.44262728638 2.16983508853 0.129416053644 -0.0579779232352 -0.989338780521 -0.0331484967011
seq_val/IMG_9768_0.jpg -2.32751847619 1.05624973127 -0.825634357031 0.628727457261 0.0453151604877 0.774919708456 0.0463439981312
seq_val/IMG_9896_0.jpg 5.10855423032 0.684365002275 -1.85679222744 0.626879109281 0.0621301844563 0.77371864538 0.0672449278232
seq_val/IMG_9630_0.jpg -2.87018397989 -1.39041357779 4.55982184469 0.283930957545 0.0139347721409 0.958258726317 0.030483551471
seq_val/IMG_9923_0.jpg -1.60889967487 0.831339619987 2.20412936709 0.201247403718 -0.0604006095823 -0.976769280962 -0.0421072514883
seq_val/IMG_9713_0.jpg 4.78729923058 -1.79514413705 1.18171749255 0.428089253694 0.0126883117044 0.902890424862 0.0369794308992
seq_val/IMG_9708_0.jpg 3.43200362805 -1.72476134784 1.89751957006 0.0451427321489 -0.0629555091153 -0.996609354164 -0.0277224241278
seq_val/IMG_9763_0.jpg -0.755907258291 -1.3240330711 -0.491130955812 0.365308054207 -0.0296077655396 -0.929234657782 -0.0468653019536
seq_val/IMG_9806_0.jpg -3.13320075395 1.0040837038 1.31824706513 0.967649153151 -0.0270139413395 -0.25082710072 0.00333600406291
seq_val/IMG_9783_0.jpg -2.63740331042 0.840473720653 3.61002632867 0.314799431969 0.0288745579048 0.947774949133 0.0423110308861
seq_val/IMG_9926_0.jpg 0.876015259392 0.746788664092 2.15829431294 0.210516441601 0.0293203857191 0.975590558267 0.055192439858
seq_val/IMG_9928_0.jpg 1.85518573889 0.69492974452 1.65142241013 0.345194750459 0.0265523639393 0.936398983903 0.0573803029824
seq_val/IMG_9867_0.jpg 4.90629103266 0.775325078621 -0.101778161183 0.717900567885 -0.0411739386268 -0.694406310936 -0.0268952921603
seq_val/IMG_9778_0.jpg -2.59516197218 1.12738565568 -1.62381729415 0.949617485193 0.0148425171377 0.311356355184 0.0326121386646
seq_val/IMG_9865_0.jpg 4.80255828017 0.681400838986 -0.115240564076 0.589519301359 -0.043794455683 -0.806319305731 -0.0199553547235
seq_val/IMG_9703_0.jpg 3.06727637763 -1.6043069153 0.0362877526256 0.575532446472 -0.0386450005863 -0.816656542504 -0.0184677712096
seq_val/IMG_9704_0.jpg 2.9428872222 -1.56434053326 -0.346705533881 0.644719249706 -0.0397018955246 -0.762711433915 -0.0321265797293
seq_val/IMG_9784_0.jpg -3.21448806554 0.867049140742 3.96394420646 0.195193553413 0.0299901263028 0.978961996167 0.051317434576
seq_val/IMG_9669_0.jpg 5.55124683172 -1.91158915642 1.71629544633 0.90934357045 0.0114285562075 0.413945481047 0.0401596527105
seq_val/IMG_9639_0.jpg -1.9619412753 -1.44392118184 2.69367023678 0.892109404932 0.010798263202 0.4470296038 0.0647204795221
seq_val/IMG_8192_0.jpg -2.99427988632 1.04320697147 0.283978678711 0.974480387235 -0.0199793862945 0.221938983803 0.0270534006439
seq_val/IMG_9757_0.jpg -0.872958470628 -1.34788353511 0.0110995593262 0.560373557755 -0.0340426917168 -0.827365127097 -0.0170152100671
seq_val/IMG_9671_0.jpg 6.42004475839 -2.07400878411 3.5325739687 0.816251525502 0.0148866495417 0.574625107152 0.057600529616
seq_val/IMG_9904_0.jpg 5.55964970963 0.698715457038 -1.8171803124 0.736118334916 0.0371335848511 0.673609353915 0.0547844156167
seq_val/IMG_9721_0.jpg 2.3666557608 -1.62564745482 1.76107683061 0.271922254943 0.0159972575486 0.961928969076 0.0222493476419
seq_val/IMG_9881_0.jpg 3.89956592856 0.61738800576 -0.339451494931 0.103067425735 -0.0515360800424 -0.993243105473 -0.0137576028599
seq_val/IMG_9932_0.jpg -0.771523021026 0.923880865475 -0.0520766465143 0.513166204218 -0.0403461806087 -0.856111933099 -0.04588017615
seq_val/IMG_9672_0.jpg 1.44042080945 -1.67579975604 2.46624805126 0.876389075325 -0.0465363131345 -0.479349519931 -0.000773274256196
seq_val/IMG_9835_0.jpg 4.12099736999 0.617010805623 -0.391436956637 0.993366721617 -0.0251316311856 -0.109037889463 0.0264895481074
seq_val/IMG_9880_0.jpg 3.93814296458 0.619376884639 -0.330086174829 0.245695604357 -0.0516826042883 -0.967835449087 -0.0160350211973
seq_val/IMG_9683_0.jpg 5.65423045764 -1.78693116154 -0.471213866928 0.99188290624 -0.0229086570123 -0.123407200711 0.0203508367347
seq_val/IMG_9697_0.jpg 4.74654267868 -1.70792012956 -0.720156121916 0.793358902005 -0.0309813090247 -0.607697583272 -0.018040465229
seq_val/IMG_9680_0.jpg 3.29452749282 -1.70090792781 0.880531498735 0.913767416094 -0.0490086487888 -0.403192999562 0.0079162322006
seq_val/IMG_9913_0.jpg 1.56822074991 0.64381042715 2.22932112649 0.118010885042 0.0444137158655 0.991138940417 0.0417666570765
seq_val/IMG_9834_0.jpg 2.836507946 0.664656721597 0.133785930685 0.968848166178 -0.0244451731694 -0.246083320023 0.0133665256479
seq_val/IMG_9648_0.jpg 1.13219954297 -1.70151038452 3.38826830081 0.866279514072 -0.000624017034816 0.498030783862 0.0390480784056
seq_val/IMG_9751_0.jpg -0.847501801271 -1.34523264598 -0.0581100415519 0.482449005158 -0.0558916749615 -0.873703030854 -0.0276060132673
seq_val/IMG_9759_0.jpg -0.800367002862 -1.27547109445 -1.09984151679 0.820444308418 -0.0415604387854 -0.569803034636 -0.0216418213508
seq_val/IMG_9847_0.jpg 5.6586461961 0.531253452593 2.11079504808 0.82015182138 -0.0426113028338 -0.570422990156 -0.012364427199
seq_val/IMG_9695_0.jpg 4.93098813626 -1.74411896302 0.303223141022 0.569689150816 -0.0372701814667 -0.820419614587 -0.0312547758886
seq_val/IMG_9774_0.jpg -1.69252805074 0.910483447481 0.983214859495 0.561522560443 0.0558209619226 0.823821481048 0.0538015026443
seq_val/IMG_9732_0.jpg -1.520800291 -1.18271779132 -1.16193030943 0.206153196486 -0.0592594076285 -0.958762638281 -0.186449418401
seq_val/IMG_9954_0.jpg 0.0255287441049 0.860666686896 0.346615986204 0.528208866709 0.0512043700263 0.846351538118 0.0454156310689
seq_val/IMG_9688_0.jpg 4.14993105901 -1.72520270124 -0.0734621349575 0.83936014179 -0.0386411568305 -0.542144020717 -0.00782778224681
seq_val/IMG_8293_0.jpg -0.547844870535 0.876681869228 0.725203693141 0.99351120308 -0.014737466068 0.111683254043 0.0156571777625
seq_val/IMG_8295_0.jpg 0.238292781882 0.79046883689 1.32829829852 0.959682031169 0.0102109835533 0.278988985297 0.0327304284927
seq_val/IMG_9617_0.jpg -2.11088270842 -1.2631495913 -0.50681546936 0.5489805892 0.0281152811069 0.833523660987 0.0553908857507
seq_val/IMG_8296_0.jpg 0.455497678062 0.752585823798 1.65706150853 0.948517770809 0.0190554449896 0.314782997202 0.0293699361456
seq_val/IMG_9719_0.jpg -2.79012993681 -1.27108153413 0.765437028372 0.431610027264 -0.0519538715212 -0.900055061245 -0.0302401442932
seq_val/IMG_9924_0.jpg -0.755353665043 0.770242110595 2.48698751127 0.0835531473292 -0.0559870281146 -0.994000958656 -0.0429699714279
seq_val/IMG_9655_0.jpg 1.80962904951 -1.77536276425 3.90532570002 0.808386099695 0.0166192023932 0.587184975476 0.0380725689403
seq_val/IMG_9869_0.jpg 5.43094603338 0.594362282917 1.97497243599 0.347540634043 -0.00361882937959 -0.935619302822 -0.0617975076412
seq_val/IMG_9748_0.jpg 2.43107683458 -1.68761889427 1.82231834081 0.360407481442 0.00775058831711 0.931468753597 0.0491155451296
seq_val/IMG_9931_0.jpg -0.885033296386 0.890779679727 0.60829172893 0.396924225939 -0.0395968912028 -0.915964459221 -0.0435012013045
seq_val/IMG_9758_0.jpg -0.742813043926 -1.32735330537 -0.463148629564 0.696911772951 -0.0410721636083 -0.715529498118 -0.0253888838328
seq_val/IMG_9943_0.jpg -1.49145650163 1.01176856115 -0.791777175673 0.00896186364368 -0.0513396232994 -0.997409728653 -0.0495758133456
seq_val/IMG_9716_0.jpg 0.127944638718 -1.60146047738 2.8086616274 0.137446360968 -0.0603732992928 -0.988277304701 -0.0277764576797
seq_val/IMG_9755_0.jpg -0.433595296367 -1.43010469429 0.803316890202 0.338329642931 -0.0465781373076 -0.939272448502 -0.0336273300069
seq_val/IMG_9803_0.jpg -0.561554115965 0.761745952362 2.56096209113 0.870604166331 -0.0073112522212 0.491625918002 0.0172883749072
seq_val/IMG_9658_0.jpg 0.963920245557 -1.5656208031 1.02508465364 0.997798369644 -0.0492846925256 -0.034623374063 0.0277606661796
seq_val/IMG_8284_0.jpg -0.416178348775 0.653259655368 4.28653893974 0.73285519105 0.0373652859868 0.677521622069 0.0499154884091
seq_val/IMG_9833_0.jpg 1.7633926443 0.699691877772 0.913963518509 0.93103472953 -0.0133406475076 -0.364683933344 0.00141006847081
seq_val/IMG_9914_0.jpg 0.692428179733 0.706806840496 2.16876688731 0.0731085583742 0.0404135539616 0.995101380322 0.0528689533632
seq_val/IMG_9832_0.jpg 0.888342540009 0.717666190907 1.67283865249 0.873853785574 -0.0335457279127 -0.484966956712 -0.00782920650898
seq_val/IMG_9934_0.jpg -1.06361601589 0.989212787236 -0.962059176403 0.729634845932 -0.0306013459907 -0.681886802979 -0.0415564332985
seq_val/IMG_9915_0.jpg -0.0717885510241 0.833996274062 1.61143903237 0.036548913795 -0.0534286578214 -0.99482271769 -0.0783410224068
seq_val/IMG_9818_0.jpg -1.45692410934 0.881099112692 1.3480069601 0.944268959929 -0.0493856595996 -0.325436550635 -0.00287044447017
seq_val/IMG_9929_0.jpg 2.68375222669 0.713540070632 1.24468755559 0.403543487638 0.0301363048252 0.912896021615 0.0535285945704
seq_val/IMG_9897_0.jpg 4.78223828324 0.63808578022 -0.863687217611 0.502046439281 0.05094011603 0.859804320124 0.0780449132223
seq_val/IMG_9631_0.jpg -2.61967194918 -1.28681941348 0.634400521139 0.962762733947 -0.00908881890919 0.267748614085 0.0362765922942
seq_val/IMG_8198_0.jpg -2.1646691008 0.871077379349 2.33068753237 0.741445456967 0.048165917806 0.666328027197 0.0628143206308
seq_val/IMG_9917_0.jpg -1.349049256 0.850492013732 1.62931199697 0.232629952671 -0.0563357608607 -0.969240134862 -0.0572987621228
seq_val/IMG_9955_0.jpg -0.24952541837 0.848863249101 0.898839820805 0.326765818086 0.0350383570613 0.94297891556 0.052793735173
seq_val/IMG_9878_0.jpg 4.04523390568 0.601617983512 -0.244089141611 0.503853250497 -0.0315848986188 -0.862789049405 -0.0270065245819
seq_val/IMG_9811_0.jpg 1.24556150103 0.686543907891 1.95611671886 0.903689078746 0.0106216863246 0.426844307562 0.0322050591763
seq_val/IMG_9780_0.jpg -1.33878074859 0.886486494664 0.652417200152 0.734913655137 0.010685067265 0.676954218544 0.038996600171
seq_val/IMG_8278_0.jpg -1.52606904652 0.859093830603 2.07971455213 0.951812683444 0.00467902459758 0.305037619379 0.0313492125563
seq_val/IMG_9882_0.jpg 3.85277868207 0.62144423868 -0.348892259913 0.0443015871321 0.0331428940272 0.998348013039 0.0154971873222
seq_val/IMG_8281_0.jpg -0.412438046454 0.747616496261 3.00700611091 0.905337117726 0.0407405729629 0.419388910346 0.0530834330137
seq_val/IMG_9815_0.jpg 2.10344342897 0.561840043994 3.60996311892 0.81998494581 0.00713218103179 0.571515958311 0.0307136783017
seq_val/IMG_9769_0.jpg -2.01550417881 0.976735397853 0.0675357979926 0.485070096021 0.0512032513689 0.871637193268 0.0483097537457
seq_val/IMG_9690_0.jpg 5.07193752615 -1.67210230713 -0.883072031569 0.94493041515 0.000117546699367 -0.325267755777 0.0361577620924
seq_val/IMG_9935_0.jpg -0.91868016217 0.994846522531 -1.48083377098 0.792705342299 -0.0246998771866 -0.608636528651 -0.0238690667819
seq_val/IMG_9724_0.jpg -2.3032476754 -1.3654858893 1.77316779814 0.279176001236 -0.0517741597656 -0.958196565068 -0.0352070931351
seq_val/IMG_9939_0.jpg -1.38794349697 0.981797871248 -0.761484567136 0.535168959236 -0.0489059809427 -0.843002182633 -0.0234458988795
seq_val/IMG_9760_0.jpg -0.752758991128 -1.25885355856 -1.53107533028 0.837776129173 -0.0426120254271 -0.544218183088 -0.0119139361063
seq_val/IMG_9625_0.jpg -3.44241840751 -1.38966898282 3.4763559764 0.204641997618 0.032034278129 0.976906422368 0.0524337655649
seq_val/IMG_8274_0.jpg -2.9198992455 0.930716252421 2.22871007146 0.99093881292 -0.0256563659643 -0.131338296817 0.0115009444873
seq_val/IMG_9728_0.jpg -0.793542979967 -1.36516900149 0.415863429074 0.329852591045 -0.034032827985 -0.941058677085 -0.0666903372645
seq_val/IMG_9741_0.jpg -3.81657926281 -1.22457020955 1.13993194233 0.494309626265 -0.0434050503242 -0.867392605454 -0.0374708285407
seq_val/IMG_8277_0.jpg -1.88784291477 0.875107942802 2.04702297112 0.972272517386 -0.0127260973759 0.231163953261 0.0329761291572
seq_val/IMG_9694_0.jpg 5.3635073788 -1.80953682038 0.894257679168 0.42305237337 -0.0409449116569 -0.904727537846 -0.0286056962647
seq_val/IMG_9691_0.jpg 5.59361875872 -1.68730357073 -1.56287487883 0.966634992315 -0.0271061684931 -0.254315238668 0.0143459625994
seq_val/IMG_9912_0.jpg 2.54024460097 0.605534182141 1.90256897668 0.272387103073 0.0399487433236 0.959484332524 0.0599931631768
seq_val/IMG_9870_0.jpg 6.07600946242 0.561108806425 2.38641492869 0.196858612035 -0.0329620663925 -0.976971428431 -0.0754123138305
seq_val/IMG_9824_0.jpg -0.706666297469 0.785223477193 2.31829011058 0.83280738007 -0.0391388738979 -0.551907774622 0.0172575943378
seq_val/IMG_9794_0.jpg -1.67037241978 0.906855389867 1.6605664354 0.99551976764 -0.00428621059661 0.0903592843478 0.0275176374303
seq_val/IMG_9948_0.jpg -0.299550117995 0.829151926486 1.38696840591 0.00240705197394 -0.0375054914779 -0.997965829182 -0.0514951260185
seq_val/IMG_8205_0.jpg -2.94842772444 0.917723603344 3.13934698587 0.978859981211 0.0473176014606 0.197464197849 0.0245371625015
seq_val/IMG_9854_0.jpg 3.51052348899 0.804044135649 -3.26061440238 0.873532014408 -0.0453773626636 -0.48443098781 -0.0144683382417
seq_val/IMG_9767_0.jpg -2.58995142233 1.18630235511 -2.48624436456 0.812345387061 0.0230709934218 0.579238427242 0.0636046050939
seq_val/IMG_9853_0.jpg 4.58331222253 0.478877735244 1.92406384565 0.346140956017 -0.040036083808 -0.937129883896 -0.0192647675984
seq_val/IMG_8273_0.jpg -3.38997520929 0.953055676462 2.46700145797 0.967755252709 -0.0212066880867 -0.250913795702 0.00650494901029
seq_val/IMG_9712_0.jpg -0.24120818401 -1.40821929649 0.447655472444 0.548097957493 -0.047907551605 -0.834748912741 -0.022085021387
seq_val/IMG_9873_0.jpg 5.14249889903 0.445062665701 3.33240101558 0.436014398619 -0.023613921576 -0.898462697454 -0.0458105685287
seq_val/IMG_9857_0.jpg 2.63825924126 0.704161461766 -0.355445265203 0.781450347558 -0.0523415019659 -0.621684469317 -0.0102050028807
seq_val/IMG_9842_0.jpg 5.18343453371 0.539308914574 -0.128642730677 0.981814490823 -0.0198083845439 -0.186675267956 0.028289182459
seq_val/IMG_9781_0.jpg -1.62269432765 0.853059767341 1.95433097815 0.598320856121 0.0449013441743 0.798859258474 0.0426603747334
seq_val/IMG_9851_0.jpg 4.62010547425 0.46036155732 1.95787767838 0.593075891717 -0.0512305275362 -0.803475043322 -0.00801713607227
seq_val/IMG_9949_0.jpg -0.336596501492 0.832905393062 1.96247720212 0.0037323600453 0.0387529428173 0.998518349191 0.0380182224878
seq_val/IMG_9843_0.jpg 6.04900107849 0.498339766458 -0.383642849087 0.995242354626 -0.0168575135382 -0.0945976128624 0.0161174264725
seq_val/IMG_9749_0.jpg 3.02615004291 -1.68659720769 1.1068100905 0.474587733988 0.00923552690514 0.879206461824 0.0409534525771
seq_val/IMG_9735_0.jpg -1.40734968038 -1.23970150026 -1.13270146022 0.514481105429 -0.04058809858 -0.856040171004 -0.0292749728822
seq_val/IMG_9908_0.jpg 2.38785195728 0.964915854322 -2.03856219906 0.877878293078 0.0574563225372 -0.468820765325 -0.0789655845419
seq_val/IMG_9698_0.jpg 5.42389687092 -1.87210325111 1.82371369118 0.228616974207 -0.0397834655651 -0.972232890845 -0.0302450149723
seq_val/IMG_9852_0.jpg 4.63297425585 0.471239119986 1.92093464867 0.459657481696 -0.0397455174092 -0.887090147173 -0.0143653804259
seq_val/IMG_9801_0.jpg -2.09158404651 0.888945968479 2.33939930277 0.967597437293 0.0252133933348 0.249950093507 0.0253857222867
seq_val/IMG_9766_0.jpg -2.81284290885 1.21392848323 -3.3571407511 0.885218870594 0.00157628077607 0.461956563683 0.0546003640397
seq_val/IMG_9776_0.jpg -2.92217457434 0.91368069889 2.77913139255 0.268733747075 0.049107414598 0.960743246233 0.0484050599882
seq_val/IMG_8299_0.jpg 1.07439539842 0.653384948162 2.8193722278 0.856918646756 0.0157641658523 0.514429891137 0.0283515612038
seq_val/IMG_9876_0.jpg 6.28714407835 0.548128215878 2.40111974298 0.672094220616 -0.031302383559 -0.737419291958 -0.0593490290188
seq_val/IMG_9667_0.jpg 4.31924525266 -1.73920666411 0.0592371336802 0.974460137878 -0.0120751605552 0.221836920421 0.0327110214279
seq_val/IMG_9696_0.jpg 4.86835061226 -1.71360157872 -0.232491716525 0.664212156527 -0.0324643266771 -0.746687460126 -0.0150371375366
seq_val/IMG_9805_0.jpg -3.47336085479 1.00784561483 2.05094290237 0.954220713758 -0.00365994911715 -0.299078170311 0.00129701652346
seq_val/IMG_8201_0.jpg -2.25763536027 0.830073859989 3.17071021009 0.712691139858 0.0465130204791 0.697377612935 0.0597690812298
seq_val/IMG_9622_0.jpg -1.87621870506 -1.35212660422 0.629090126476 0.728753845259 0.0171833500478 0.681938085664 0.059858272799
seq_val/IMG_9709_0.jpg 2.25026010042 -1.66388758845 1.82659820547 0.162763675755 -0.0602405451514 -0.984505271523 -0.0250685643204
seq_val/IMG_8291_0.jpg -1.6670359163 0.927495276292 0.930921617264 0.998764658701 -0.0172664335977 -0.0463624976367 0.00464172521219
seq_val/IMG_9620_0.jpg -2.99156713409 -1.07183054242 -2.36874857538 0.960063570001 -0.00125326772297 0.276388869566 0.0434230774688
seq_val/IMG_9888_0.jpg 2.48860689118 0.662460069973 0.225863113052 0.0424948835181 0.0347332564452 0.99824066431 0.0224357279457
seq_val/IMG_9654_0.jpg 1.68507957178 -1.73179788251 3.40736593236 0.852278369409 0.031019000656 0.520408924642 0.0428246866696
seq_val/IMG_9647_0.jpg 0.542578900666 -1.65675618848 3.36735810499 0.881022533656 0.00906755677791 0.471196802957 0.0411174839657
seq_val/IMG_9921_0.jpg -3.39952139927 0.979143841672 1.59849587642 0.366906647458 -0.040267940818 -0.928573927327 -0.038838981477
seq_val/IMG_9638_0.jpg -2.37055588275 -1.38325475969 2.25783798977 0.936466012685 0.00956339267234 0.346197385322 0.0555636482144
seq_val/IMG_9660_0.jpg 3.69538507823 -1.78591214919 1.72381354121 0.935276142723 -0.0291091884584 0.351837777594 0.0249272994604
seq_val/IMG_9782_0.jpg -2.18603419519 0.841607840434 2.92327941805 0.425959706924 0.0355164478358 0.902096858288 0.0593141490486
seq_val/IMG_9640_0.jpg -1.65293612453 -1.4987029016 3.27352548018 0.847330762373 0.00779376310711 0.527414304577 0.0616764762321
seq_val/IMG_9616_0.jpg -2.45594251809 -1.1247044053 -2.26640007168 0.873470755212 -0.00353065754543 0.483536791614 0.0568202904152
seq_val/IMG_9786_0.jpg -1.31397516387 0.905403956044 0.534021246171 0.894383157667 0.0207516514486 0.443082995511 0.0576679749331
seq_val/IMG_9830_0.jpg 6.59100381314 0.343829963163 1.53545581734 0.937923752497 0.00496886734198 0.34583813024 0.0258907808099
seq_val/IMG_9750_0.jpg 3.33885549806 -1.66453567324 0.508331362097 0.545053552791 0.0170938890273 0.837205547279 0.0413678033299
seq_val/IMG_9718_0.jpg -2.12193000574 -1.36103148172 1.37124452473 0.32007104482 -0.0554184892233 -0.94547349775 -0.0237314637611
seq_val/IMG_9744_0.jpg -1.77022617254 -1.47211731073 2.61780872076 0.183554999763 -0.0560425547306 -0.981143176847 -0.0229098373561
seq_val/IMG_9726_0.jpg -3.08463201673 -1.25906302978 0.955178736452 0.493507050415 -0.0378059019312 -0.86843526106 -0.0290121063909
seq_val/IMG_9829_0.jpg 5.90268997423 0.419438951166 0.914229153863 0.967717480405 0.00631209486122 0.251015601143 0.0217762154491
seq_val/IMG_9950_0.jpg -0.462824498965 0.98271415126 -1.73804807649 0.918548643651 0.0231566035642 0.393691336249 0.0271899378589
seq_val/IMG_9706_0.jpg 5.81604375011 -1.89733264473 1.73605069777 0.225544981855 0.0258701539131 0.973779649814 0.0146078713483
seq_val/IMG_9940_0.jpg -1.41504039297 0.995574183847 -0.763287604463 0.408090373375 -0.0472445660589 -0.911487720958 -0.0205020164598
seq_val/IMG_9628_0.jpg -0.91454794673 -1.55014923546 2.99884405808 0.613898689941 0.0377325717166 0.787521612998 0.0389147861592
seq_val/IMG_9821_0.jpg 3.17010371274 0.572273855238 0.861802936935 0.973227264341 0.0138231504148 0.228725419663 0.0179525724102
seq_val/IMG_8275_0.jpg -2.47801588421 0.908849364655 2.09584847391 0.999240077058 -0.0181102819148 -0.0315812311856 0.0139252262468
seq_val/IMG_9637_0.jpg -2.87123471701 -1.33015282857 1.95506159885 0.976802225172 -0.00344922016833 0.209955492624 0.0420024629837
seq_val/IMG_9796_0.jpg -2.17112447296 1.01923128859 3.82908220131 0.887418044208 0.0172325002575 0.459232437591 0.0360253246165
seq_val/IMG_8276_0.jpg -2.14537552465 0.90899310136 2.0077962152 0.999886128076 -0.0105251423368 0.00557674491579 0.00926564491524
seq_val/IMG_9826_0.jpg 1.55551704385 0.715893920235 0.509799915001 0.967387715663 -0.026299607376 -0.251449990831 0.0155640723059
seq_val/IMG_9807_0.jpg -2.11794148846 0.965192987587 0.848828505039 0.994215383942 -0.0210371815208 -0.104022301231 0.0165096388211
seq_val/IMG_9859_0.jpg 3.28140623254 0.552066733068 1.83644706164 0.520660487777 -0.0494491035748 -0.852317927263 0.00464687963723
seq_val/IMG_8289_0.jpg -2.78807367905 0.9597973146 1.60896869368 0.947009681696 -0.0357861680964 -0.319002036984 -0.0113891767636
seq_val/IMG_9892_0.jpg 3.57287904512 0.688626993072 -1.02516663599 0.224030894122 -0.0419615406246 -0.97315258312 -0.0319912105717
seq_val/IMG_9922_0.jpg -2.63927932336 0.895368219987 2.07272464718 0.307720653112 -0.0642990351047 -0.948742872633 -0.0325667831066
seq_val/IMG_9945_0.jpg -0.547716485771 0.932369411028 -0.107786224241 0.0457000835186 0.0337093880463 0.99367207663 0.0969070877166
seq_val/IMG_9615_0.jpg -2.72197491946 -1.04357581206 -3.17164246532 0.93172672426 -0.0157733820624 0.359755621595 0.0470362035992
seq_val/IMG_9773_0.jpg -2.21896228612 1.08258807791 -1.16233900002 0.790438036659 0.0505517187193 0.606431152365 0.0699534943948
seq_val/IMG_9937_0.jpg -1.37454883141 0.976121358266 -0.71346733479 0.663746489219 -0.0483009746746 -0.746334258478 -0.00963267958291
seq_val/IMG_9725_0.jpg -2.79364576501 -1.31028816961 1.42383686548 0.399475896795 -0.0417308064687 -0.914864435515 -0.0412384808239
seq_val/IMG_9919_0.jpg -2.54046285286 0.964635233038 1.18419521221 0.388166305557 -0.0402922069805 -0.918058941726 -0.069794246213
seq_val/IMG_9812_0.jpg 1.5753148221 0.620922651393 2.74272411391 0.872117469685 -0.00226876663668 0.48804886864 0.0348464286228
seq_val/IMG_9909_0.jpg 2.46634325965 0.857515045561 -0.294069615496 0.445175711623 -0.0288491588102 -0.888425300765 -0.10810548912
seq_val/IMG_9819_0.jpg 0.306479802726 0.77798574385 0.762733359872 0.989005302274 -0.0277820876771 -0.144539155805 0.0143213169176
seq_val/IMG_9668_0.jpg 5.10787061054 -1.83514801109 0.791888718525 0.945403089277 -0.00174032817116 0.32280270639 0.0448149840075
seq_val/IMG_9839_0.jpg 7.62142779032 0.384784508138 2.95582517528 0.852367643233 0.0218531400207 0.522307879523 0.0136499094334
seq_val/IMG_9816_0.jpg -3.60514718884 0.915707871163 3.49784685956 0.812688619389 -0.0450762031854 -0.5808845553 -0.00885873779807
seq_val/IMG_9635_0.jpg -2.6193871859 -1.5229198058 4.76993278979 0.511493223783 0.0424724181481 0.856372231756 0.0565453481582
seq_val/IMG_8202_0.jpg -2.34310327025 0.839693999188 3.71286910353 0.627041136481 0.04959561954 0.77641988715 0.039138810941
seq_val/IMG_9652_0.jpg 0.406245294517 -1.54521924587 1.61015675129 0.969541825314 -0.0012137770442 0.242982883324 0.0307651446085
seq_val/IMG_9788_0.jpg -1.99359492294 0.835140120894 4.15377735231 0.540565695919 0.0508705137291 0.838847757318 0.0391836607785
seq_val/IMG_9734_0.jpg -1.41817529832 -1.21144675285 -1.10388133486 0.527308261316 -0.0260595267552 -0.843957022293 -0.094886474992
seq_val/IMG_9659_0.jpg 2.32037972511 -1.65393447771 1.03619246506 0.986405357554 -0.039777860981 0.157573686845 0.0243459560917
seq_val/IMG_9893_0.jpg 4.3449721303 0.631575369784 -0.962234083696 0.198121563624 -0.0270495703512 -0.979039868428 -0.038692412684
seq_val/IMG_9632_0.jpg -1.83623834646 -1.39890111944 1.55211262304 0.907714118174 0.00165721573465 0.417783183332 0.0388528638385
seq_val/IMG_8288_0.jpg -3.15768660397 0.969394947267 2.00098745752 0.921275569487 -0.0457157233301 -0.38584434236 -0.0168979636723
seq_val/IMG_9836_0.jpg 5.53211370482 0.494783260674 -0.519292858298 0.999374057029 -0.0153938535616 0.0290881906968 0.0129769245631
seq_val/IMG_9670_0.jpg 6.26616527826 -2.00712225905 2.62425391091 0.879140094113 0.00915665881943 0.474970667873 0.0378380124163
seq_val/IMG_9798_0.jpg -3.70567895416 1.00366577551 2.72420938708 0.994668118375 0.0166798164103 -0.0975327038731 0.0290601047385
seq_val/IMG_9664_0.jpg 0.106495607822 -1.48466895844 0.795174120604 0.936147441072 -0.0264957623307 -0.350595000508 0.00301475889208
seq_val/IMG_9731_0.jpg -1.54805716055 -1.15822064569 -1.17524884373 0.0751121801755 -0.0760952457679 -0.968691247946 -0.224064589157
seq_val/IMG_9646_0.jpg 0.159888916073 -1.59021973805 2.71676764001 0.927028801894 0.0149935557215 0.373570813037 0.0289420350357
seq_val/IMG_9907_0.jpg 2.79894705074 0.983281443516 -3.00743825348 0.977108821745 0.0459685590029 -0.20735175785 -0.0122674597334
seq_val/IMG_8196_0.jpg -1.72035597262 0.848425226177 1.92672632061 0.80741517541 0.0307953685605 0.586967465074 0.0510056343703
seq_val/IMG_9871_0.jpg 5.2746529142 0.708781696604 0.891221083021 0.741337250832 -0.0195537874839 -0.668276791573 -0.0586758874527
seq_val/IMG_9682_0.jpg 4.83974887136 -1.74704471858 -0.194422019618 0.975523174016 -0.0224335287008 -0.217583459032 0.0225546470253
seq_val/IMG_9720_0.jpg -3.09514090217 -1.24421352964 0.555871649803 0.517498382473 -0.0438556114487 -0.854498010053 -0.010259644116
seq_val/IMG_9641_0.jpg -1.51692154072 -1.55950774562 3.96607969531 0.770567743336 0.0117618003051 0.633513562199 0.0689026813245
seq_val/IMG_9890_0.jpg 2.31791150431 0.860306436657 -1.97634675657 0.238068297147 -0.0556200461325 -0.967588906252 -0.0632582394648
seq_val/IMG_9795_0.jpg -2.16396296429 0.842081180161 4.61415655719 0.556493689727 0.0562531361316 0.825886843023 0.0711426770022
seq_val/IMG_9956_0.jpg -0.64192768813 0.849330489008 1.13426250905 0.169413883122 0.0337471180213 0.983307130902 0.0571590285806
seq_val/IMG_8282_0.jpg -0.361426838068 0.715628615644 3.52852342405 0.841685441172 0.0352727627439 0.5353165085 0.0612999678272
seq_val/IMG_9927_0.jpg 1.37919431249 0.691117698527 2.07798508897 0.26463785053 0.0384654048463 0.961847721386 0.0577596880332
seq_val/IMG_9764_0.jpg -0.767171786773 -1.33107389693 -0.485644224019 0.212958656252 -0.03121591852 -0.975372631864 -0.0481913495217
seq_val/IMG_9840_0.jpg 3.32517796458 0.583691535383 1.4984604824 0.880396527752 -0.0342641041902 -0.472810188176 0.01335855696
seq_val/IMG_9856_0.jpg 2.6621646681 0.755541229042 -1.51263421071 0.834909241151 -0.0411912556938 -0.548838832714 -0.00240316466473
seq_val/IMG_9742_0.jpg -3.17828911868 -1.33360837879 1.95471287041 0.394243319508 -0.0480186666571 -0.917426116856 -0.0244076378622
seq_val/IMG_8297_0.jpg 0.700479961444 0.722211641162 2.03087811698 0.923295184913 0.0326195879971 0.381417271667 0.0313501015963
seq_val/IMG_9809_0.jpg -0.444413448225 0.832738970641 0.893308459103 0.983764357129 -0.0132984041841 0.177603912338 0.022083758999
seq_val/IMG_9902_0.jpg 4.88281622477 0.686220103031 -0.00836274396068 0.306024557942 0.0477399464783 0.947451820356 0.0800307162907
seq_val/IMG_9799_0.jpg -3.05732780455 0.947988409006 2.37333729426 0.99919097048 0.0157929897747 0.0352667326719 0.0111464591398
seq_val/IMG_9883_0.jpg 6.02381413018 0.642470489196 -2.69237405243 0.494280279429 0.0308133677828 0.866003649655 0.0691029703954
seq_val/IMG_9808_0.jpg -1.28215971156 0.913933690037 0.740407152783 0.998287889304 -0.01253742257 0.0569732718963 0.00426021044581
seq_val/IMG_9941_0.jpg -1.429349365 0.998649795764 -0.778509395021 0.271692168543 -0.0466568838854 -0.960739778437 -0.0313939304229
seq_val/IMG_9707_0.jpg 4.51037519345 -1.819479356 1.85493786586 0.0827117257537 0.0338743283008 0.995339984973 0.0361885979126
seq_val/IMG_9905_0.jpg 5.28231426781 0.769158588398 -2.66762187215 0.893121451023 0.0261048617698 0.446841262377 0.0445589065387
seq_val/IMG_9754_0.jpg -0.0238769081022 -1.47053456076 1.0129285457 0.248123295209 -0.0455957149458 -0.966202723096 -0.05299206578
seq_val/IMG_9825_0.jpg 0.331172344787 0.779001481493 1.00874884957 0.90883884336 -0.0373752005523 -0.415403173472 0.00743334738796
seq_val/IMG_9837_0.jpg 6.62050550797 0.570104846934 -0.00953546203212 0.992099227785 -0.0255828082583 0.112560858604 0.0491395488328
seq_val/IMG_9619_0.jpg -3.3520612971 -1.2633415525 1.16932968104 0.258374944984 0.037224340215 0.964632382294 0.0366210776851
seq_val/IMG_9823_0.jpg 5.41474752634 0.402061272379 1.88649087944 0.91318826344 0.0105693729284 0.406261913763 0.0304424259485
seq_val/IMG_9681_0.jpg 4.2425105946 -1.73404761827 0.163754338195 0.955388191571 -0.0265676387712 -0.293165005469 0.0241214332934
seq_val/IMG_9643_0.jpg -3.38797445547 -1.29162964478 2.10305081776 0.998267872125 0.0131595827379 -0.053267418712 0.021228824002
seq_val/IMG_8204_0.jpg -2.34206611548 0.815785033135 4.5176817376 0.595428457185 0.0709424798389 0.798391953605 0.0547942090718
seq_val/IMG_9729_0.jpg -0.736656422885 -1.31660203455 -0.474292065955 0.441509191042 -0.0432944373507 -0.894866682879 -0.0490799938161
seq_val/IMG_9895_0.jpg 5.09373810253 0.810181929597 -2.70567613887 0.594920396137 0.0317161195722 0.801852426205 0.0457875158534
seq_val/IMG_9831_0.jpg 7.0817166429 0.30453586864 2.57717135913 0.870299161157 0.00744456779217 0.491342677427 0.033261416676
seq_val/IMG_9656_0.jpg -1.28294314161 -1.44611212697 1.66306087627 0.95101328985 -0.0396452589344 -0.305986887224 0.0193391007931
seq_val/IMG_9861_0.jpg 4.39171564728 0.383996572603 3.89267878843 0.570481213128 -0.0321760327864 -0.820565653028 -0.0137075691862
seq_val/IMG_8195_0.jpg -1.88236030674 0.898043358009 1.45316948643 0.893472871829 0.0121845329063 0.445811244952 0.0530103606752
seq_val/IMG_9737_0.jpg -1.5142230094 -1.22906986864 -1.16350728959 0.223881608127 -0.0537676405279 -0.972001070901 -0.0469039928215
seq_val/IMG_9848_0.jpg 4.67138627382 0.455454542763 2.05718299113 0.809795595704 -0.0454745092824 -0.58494162612 -0.00254090842014
seq_val/IMG_9817_0.jpg -2.81400679716 0.914911391604 2.31120240098 0.874458971369 -0.0638672370888 -0.480539240088 -0.0180144984655
seq_val/IMG_9864_0.jpg 4.68532360616 0.76279853444 -1.26301372072 0.801495260629 -0.0422250354498 -0.596340002322 -0.01417727766
seq_val/IMG_8292_0.jpg -1.10323250861 0.89051869373 0.896678157006 0.999224898984 -0.0103343858267 0.0378311849494 0.00340634178332
seq_val/IMG_9779_0.jpg -2.27157825513 1.0487378586 -0.568836266525 0.86320842029 0.0157631778166 0.503165540802 0.0380418705495
seq_val/IMG_9900_0.jpg 3.03087608472 0.784470566151 0.407216356818 0.195882120961 -0.0266459913317 -0.975543863008 -0.0960955627542
seq_val/IMG_9868_0.jpg 4.64371847418 0.677961095732 1.01713600264 0.549852041919 -0.0398684926094 -0.834000667086 -0.0227183316993
seq_val/IMG_9692_0.jpg 5.71452569339 -1.71066188816 -1.62049660782 0.952414072609 0.00163858871824 -0.304709508896 0.00754085610806
seq_val/IMG_9653_0.jpg 1.3066814656 -1.65598627862 2.43657906312 0.921725362903 0.0124028659725 0.385668236947 0.0390964871402
seq_val/IMG_9651_0.jpg -1.21944738621 -1.408441244 1.18381771623 0.998642996142 -0.00325626388132 0.0444929977083 0.0268688696469
seq_val/IMG_9642_0.jpg -0.967120454223 -1.59519765631 4.22070593983 0.738317415418 0.0130261584388 0.672736082831 0.0463020101483
seq_val/IMG_9645_0.jpg -0.957662133165 -1.50197372327 2.48715004338 0.958611166791 0.0101265075997 0.282332571358 0.0353610505819
seq_val/IMG_9787_0.jpg -1.16741835335 0.815236109335 1.73098486835 0.802931202098 0.0267371019395 0.592624599476 0.0581609505931
seq_val/IMG_9872_0.jpg 5.02530261219 0.507127785107 2.32863874484 0.605983974795 -0.0125622653313 -0.793926456672 -0.0480249224702
seq_val/IMG_9727_0.jpg -0.314041526118 -1.4269029485 0.969161868435 0.231171346524 -0.0405175297583 -0.968505254478 -0.0831607502165
seq_val/IMG_9762_0.jpg -0.716276793129 -1.32436776418 -0.489090268344 0.47654761282 -0.0322215819558 -0.877283603409 -0.0473035047412
